proj:       99
zone:       0
north:      318500
south:      -16000
east:       963000
west:       124000
cols:       1678
rows:       669
e-w resol:  500
n-s resol:  500
top:        1.000000000000000
bottom:     0.000000000000000
cols3:      1678
rows3:      669
depths:     1
e-w resol3: 500
n-s resol3: 500
t-b resol:  1
