proj:       1
zone:       17
north:      3961983
south:      3959992
east:       712704
west:       710677
cols:       2027
rows:       1991
e-w resol:  1
n-s resol:  1
top:        1.000000000000000
bottom:     0.000000000000000
cols3:      2027
rows3:      1991
depths:     1
e-w resol3: 1
n-s resol3: 1
t-b resol:  1
